棒位	D棒价值	C棒价值	B棒价值	A棒价值	S棒价值
225	0	0	0	0	0
223.721591	-2.16	-2.16	-2.16	-2.16	-2.16
222.443182	-5.68	-5.68	-5.68	-5.68	-5.68
221.164773	-8.63	-8.63	-8.63	-8.63	-8.63
219.886364	-11.38	-11.38	-11.38	-11.38	-11.38
218.607955	-14.01	-14.01	-14.01	-14.01	-14.01
217.329545	-16.56	-16.56	-16.56	-16.56	-16.56
216.051136	-19.01	-19.01	-19.01	-19.01	-19.01
214.772727	-21.37	-21.37	-21.37	-21.37	-21.37
213.494318	-23.64	-23.64	-23.64	-23.64	-23.64
212.215909	-26.42	-26.42	-26.42	-26.42	-26.42
210.9375	-31.77	-31.77	-31.77	-31.77	-31.77
209.659091	-38.61	-38.61	-38.61	-38.61	-38.61
208.380682	-44.83	-44.83	-44.83	-44.83	-44.83
207.102273	-50.53	-50.53	-50.53	-50.53	-50.53
205.823864	-55.82	-55.82	-55.82	-55.82	-55.82
204.545455	-60.8	-60.8	-60.8	-60.8	-60.8
203.267045	-65.46	-65.46	-65.46	-65.46	-65.46
201.988636	-69.83	-69.83	-69.83	-69.83	-69.83
200.710227	-73.91	-73.91	-73.91	-73.91	-73.91
199.431818	-79.08	-79.08	-79.08	-79.08	-79.08
198.153409	-86.51	-86.51	-86.51	-86.51	-86.51
196.875000	-94.67	-94.67	-94.67	-94.67	-94.67
195.596591	-102.19	-102.19	-102.19	-102.19	-102.19
194.318182	-109.11	-109.11	-109.11	-109.11	-109.11
193.039773	-115.51	-115.51	-115.51	-115.51	-115.51
191.761364	-121.46	-121.46	-121.46	-121.46	-121.46
190.482955	-127.03	-127.03	-127.03	-127.03	-127.03
189.204545	-132.23	-132.23	-132.23	-132.23	-132.23
187.926136	-137.1	-137.1	-137.1	-137.1	-137.1
186.647727	-143.46	-143.46	-143.46	-143.46	-143.46
185.369318	-151.96	-151.96	-151.96	-151.96	-151.96
184.090909	-160.63	-160.63	-160.63	-160.63	-160.63
182.8125	-168.54	-168.54	-168.54	-168.54	-168.54
181.534091	-175.83	-175.83	-175.83	-175.83	-175.83
180.255682	-182.58	-182.58	-182.58	-182.58	-182.58
178.977273	-188.85	-188.85	-188.85	-188.85	-188.85
177.698864	-194.71	-194.71	-194.71	-194.71	-194.71
176.420455	-200.19	-200.19	-200.19	-200.19	-200.19
175.142045	-205.32	-205.32	-205.32	-205.32	-205.32
173.863636	-212.42	-212.42	-212.42	-212.42	-212.42
172.585227	-221.5	-221.5	-221.5	-221.5	-221.5
171.306818	-230.19	-230.19	-230.19	-230.19	-230.19
170.028409	-236.94	-236.94	-236.94	-236.94	-236.94
168.750000	-246.89	-246.89	-246.89	-246.89	-246.89
167.471591	-253.79	-253.79	-253.79	-253.79	-253.79
166.193182	-260.74	-260.74	-260.74	-260.74	-260.74
164.914773	-267.79	-267.79	-267.79	-267.79	-267.79
163.636364	-274.87	-274.87	-274.87	-274.87	-274.87
162.357955	-281.83	-281.83	-281.83	-281.83	-281.83
161.079545	-288.59	-288.59	-288.59	-288.59	-288.59
159.801136	-295.27	-295.27	-295.27	-295.27	-295.27
158.522727	-301.94	-301.94	-301.94	-301.94	-301.94
157.244318	-306.29	-306.29	-306.29	-306.29	-306.29
155.965909	-315.48	-315.48	-315.48	-315.48	-315.48
154.6875	-322.37	-322.37	-322.37	-322.37	-322.37
153.409091	-329.32	-329.32	-329.32	-329.32	-329.32
152.130682	-336.29	-336.29	-336.29	-336.29	-336.29
150.852273	-343.21	-343.21	-343.21	-343.21	-343.21
149.573864	-349.98	-349.98	-349.98	-349.98	-349.98
148.295455	-356.55	-356.55	-356.55	-356.55	-356.55
147.017045	-363.07	-363.07	-363.07	-363.07	-363.07
145.738636	-369.6	-369.6	-369.6	-369.6	-369.6
144.460227	-374.59	-374.59	-374.59	-374.59	-374.59
143.181818	-382.83	-382.83	-382.83	-382.83	-382.83
141.903409	-389.55	-389.55	-389.55	-389.55	-389.55
140.625000	-396.33	-396.33	-396.33	-396.33	-396.33
139.346591	-403.09	-403.09	-403.09	-403.09	-403.09
138.068182	-409.76	-409.76	-409.76	-409.76	-409.76
136.789773	-416.26	-416.26	-416.26	-416.26	-416.26
135.511364	-422.55	-422.55	-422.55	-422.55	-422.55
134.232955	-428.77	-428.77	-428.77	-428.77	-428.77
132.954545	-434.97	-434.97	-434.97	-434.97	-434.97
131.676136	-440.45	-440.45	-440.45	-440.45	-440.45
130.397727	-447.65	-447.65	-447.65	-447.65	-447.65
129.119318	-454.09	-454.09	-454.09	-454.09	-454.09
127.840909	-460.54	-460.54	-460.54	-460.54	-460.54
126.5625	-466.94	-466.94	-466.94	-466.94	-466.94
125.284091	-473.26	-473.26	-473.26	-473.26	-473.26
124.005682	-479.37	-479.37	-479.37	-479.37	-479.37
122.727273	-485.32	-485.32	-485.32	-485.32	-485.32
121.448864	-491.18	-491.18	-491.18	-491.18	-491.18
120.170455	-497.03	-497.03	-497.03	-497.03	-497.03
118.892045	-502.78	-502.78	-502.78	-502.78	-502.78
117.613636	-508.82	-508.82	-508.82	-508.82	-508.82
116.335227	-514.74	-514.74	-514.74	-514.74	-514.74
115.056818	-520.66	-520.66	-520.66	-520.66	-520.66
113.778409	-526.51	-526.51	-526.51	-526.51	-526.51
112.500000	-532.22	-532.22	-532.22	-532.22	-532.22
111.221591	-537.67	-537.67	-537.67	-537.67	-537.67
109.943182	-542.98	-542.98	-542.98	-542.98	-542.98
108.664773	-548.2	-548.2	-548.2	-548.2	-548.2
107.386364	-551.16	-551.16	-551.16	-551.16	-551.16
106.107955	-558.61	-558.61	-558.61	-558.61	-558.61
104.829545	-563.8	-563.8	-563.8	-563.8	-563.8
103.551136	-568.94	-568.94	-568.94	-568.94	-568.94
102.272727	-574.02	-574.02	-574.02	-574.02	-574.02
100.994318	-578.99	-578.99	-578.99	-578.99	-578.99
99.715909	-583.79	-583.79	-583.79	-583.79	-583.79
98.437500	-588.34	-588.34	-588.34	-588.34	-588.34
97.159091	-592.78	-592.78	-592.78	-592.78	-592.78
95.880682	-597.15	-597.15	-597.15	-597.15	-597.15
94.602273	-600.04	-600.04	-600.04	-600.04	-600.04
93.323864	-605.76	-605.76	-605.76	-605.76	-605.76
92.045455	-610.02	-610.02	-610.02	-610.02	-610.02
90.767045	-614.03	-614.03	-614.03	-614.03	-614.03
89.488636	-617.29	-617.29	-617.29	-617.29	-617.29
88.210227	-621.24	-621.24	-621.24	-621.24	-621.24
86.931818	-625.01	-625.01	-625.01	-625.01	-625.01
85.653409	-628.55	-628.55	-628.55	-628.55	-628.55
84.375000	-631.97	-631.97	-631.97	-631.97	-631.97
83.096591	-635.32	-635.32	-635.32	-635.32	-635.32
81.818182	-637.85	-637.85	-637.85	-637.85	-637.85
80.539773	-641.85	-641.85	-641.85	-641.85	-641.85
79.261364	-645.04	-645.04	-645.04	-645.04	-645.04
77.982955	-648.17	-648.17	-648.17	-648.17	-648.17
76.704545	-651.19	-651.19	-651.19	-651.19	-651.19
75.426136	-654.09	-654.09	-654.09	-654.09	-654.09
74.147727	-656.82	-656.82	-656.82	-656.82	-656.82
72.869318	-659.39	-659.39	-659.39	-659.39	-659.39
71.590909	-661.85	-661.85	-661.85	-661.85	-661.85
70.312500	-664.23	-664.23	-664.23	-664.23	-664.23
69.034091	-666.25	-666.25	-666.25	-666.25	-666.25
67.755682	-668.82	-668.82	-668.82	-668.82	-668.82
66.477273	-671.04	-671.04	-671.04	-671.04	-671.04
65.198864	-673.21	-673.21	-673.21	-673.21	-673.21
63.920455	-675.29	-675.29	-675.29	-675.29	-675.29
62.642045	-677.26	-677.26	-677.26	-677.26	-677.26
61.363636	-679.09	-679.09	-679.09	-679.09	-679.09
60.085227	-680.82	-680.82	-680.82	-680.82	-680.82
58.806818	-682.47	-682.47	-682.47	-682.47	-682.47
57.528409	-684.08	-684.08	-684.08	-684.08	-684.08
56.250000	-685.62	-685.62	-685.62	-685.62	-685.62
54.971591	-687.15	-687.15	-687.15	-687.15	-687.15
53.693182	-688.63	-688.63	-688.63	-688.63	-688.63
52.414773	-690.06	-690.06	-690.06	-690.06	-690.06
51.136364	-691.42	-691.42	-691.42	-691.42	-691.42
49.857955	-692.71	-692.71	-692.71	-692.71	-692.71
48.579545	-693.9	-693.9	-693.9	-693.9	-693.9
47.301136	-695.94	-695.94	-695.94	-695.94	-695.94
46.022727	-697.12	-697.12	-697.12	-697.12	-697.12
44.744318	-697.66	-697.66	-697.66	-697.66	-697.66
43.465909	-699.19	-699.19	-699.19	-699.19	-699.19
42.187500	-700.18	-700.18	-700.18	-700.18	-700.18
40.909091	-701.14	-701.14	-701.14	-701.14	-701.14
39.630682	-702.05	-702.05	-702.05	-702.05	-702.05
38.352273	-702.92	-702.92	-702.92	-702.92	-702.92
37.073864	-703.72	-703.72	-703.72	-703.72	-703.72
35.795455	-704.47	-704.47	-704.47	-704.47	-704.47
34.517045	-705.19	-705.19	-705.19	-705.19	-705.19
33.238636	-705.9	-705.9	-705.9	-705.9	-705.9
31.960227	-706.31	-706.31	-706.31	-706.31	-706.31
30.681818	-707.25	-707.25	-707.25	-707.25	-707.25
29.403409	-707.91	-707.91	-707.91	-707.91	-707.91
28.125000	-708.55	-708.55	-708.55	-708.55	-708.55
26.846591	-709.15	-709.15	-709.15	-709.15	-709.15
25.568182	-709.74	-709.74	-709.74	-709.74	-709.74
24.289773	-710.29	-710.29	-710.29	-710.29	-710.29
23.011364	-710.8	-710.8	-710.8	-710.8	-710.8
21.732955	-711.3	-711.3	-711.3	-711.3	-711.3
20.454545	-711.78	-711.78	-711.78	-711.78	-711.78
19.176136	-712.12	-712.12	-712.12	-712.12	-712.12
17.897727	-712.71	-712.71	-712.71	-712.71	-712.71
16.619318	-713.16	-713.16	-713.16	-713.16	-713.16
15.340909	-713.59	-713.59	-713.59	-713.59	-713.59
14.062500	-714	-714	-714	-714	-714
12.784091	-714.41	-714.41	-714.41	-714.41	-714.41
11.505682	-714.79	-714.79	-714.79	-714.79	-714.79
10.227273	-715.15	-715.15	-715.15	-715.15	-715.15
8.948864	-715.51	-715.51	-715.51	-715.51	-715.51
7.670455	-715.85	-715.85	-715.85	-715.85	-715.85
6.392045	-716.14	-716.14	-716.14	-716.14	-716.14
5.113636	-716.51	-716.51	-716.51	-716.51	-716.51
3.835227	-716.81	-716.81	-716.81	-716.81	-716.81
2.556818	-717.12	-717.12	-717.12	-717.12	-717.12
1.278409	-717.41	-717.41	-717.41	-717.41	-717.41
